operations: 702 \n127 790 596 750 10 44 624 740 201 500 242 904 181 145 268 603 674 171 255 428 744 254 888 278 760 953 955 502 543 532 138 770 911 337 243 104 893 63 775 442 954 773 174 701 936 645 311 59 542 182 498 830 295 443 734 91 962 738 172 417 64 125 494 215 836 774 361 905 947 457 86 482 199 165 995 769 716 723 781 455 568 654 560 162 323 670 437 245 387 835 424 262 288 419 223 545 384 576 562 801 \n
operations: 703 \n25 903 854 733 653 547 550 180 85 973 630 376 847 524 675 912 639 416 800 989 710 218 255 245 994 689 510 317 315 125 358 593 545 719 546 588 287 843 384 769 853 851 779 446 244 663 22 771 23 129 222 548 515 605 251 683 257 310 338 99 20 445 314 276 668 98 423 825 529 430 362 465 450 795 225 852 484 778 105 615 283 913 533 892 26 162 153 938 757 990 611 904 773 127 253 672 353 845 569 549 \n
operations: 719 \n70 356 907 198 350 430 327 610 409 279 733 522 146 931 627 184 743 484 586 769 299 792 914 345 725 366 543 905 151 694 532 264 547 833 211 374 557 296 215 863 155 271 246 259 997 726 712 655 511 395 596 940 88 241 105 221 979 446 287 371 807 402 667 126 720 370 976 794 449 309 385 150 468 343 757 432 551 153 611 677 521 657 62 718 451 806 188 826 293 728 427 403 962 702 671 829 314 186 847 298 \n
operations: 701 \n387 70 248 442 474 278 971 627 301 334 803 877 104 996 916 628 521 68 698 140 541 406 209 224 739 457 241 544 468 665 275 949 744 929 45 220 799 345 532 920 823 446 889 242 428 859 552 510 839 800 655 953 943 501 302 147 482 868 718 335 222 288 517 580 867 743 254 942 257 954 945 256 246 907 281 843 824 350 642 618 416 196 83 965 860 835 343 346 378 936 412 864 386 165 85 458 514 102 373 849 \n
operations: 701 \n312 671 790 797 51 46 832 710 589 131 926 640 240 356 538 789 565 812 755 34 130 267 62 205 269 718 409 796 955 85 43 88 439 880 406 870 324 863 636 451 216 423 953 218 286 292 35 465 644 965 696 738 568 807 475 908 337 506 846 518 576 477 11 425 317 582 672 374 856 903 332 809 626 810 536 146 721 392 579 962 986 873 571 41 733 429 814 430 126 358 150 202 94 995 371 172 942 190 625 529 \n
operations: 701 \n917 539 552 233 764 986 448 735 422 44 940 545 740 103 129 176 654 50 935 705 386 425 655 681 901 958 177 20 51 134 375 869 672 944 544 487 419 459 802 280 526 661 781 439 936 145 801 119 751 372 271 196 965 443 650 498 269 973 843 489 799 951 680 806 558 533 354 226 854 999 794 295 356 876 815 507 996 118 285 572 895 247 832 491 483 716 353 812 421 246 260 400 647 786 358 314 248 589 325 775 \n
operations: 701 \n380 591 408 504 109 569 310 874 472 266 414 367 597 778 486 466 897 703 255 711 20 733 617 746 270 730 71 183 244 974 372 483 168 615 856 976 816 941 894 171 501 22 203 106 607 644 278 213 706 112 27 571 987 955 800 173 998 229 180 950 201 234 912 727 85 189 246 548 907 389 817 542 236 649 710 167 815 346 31 790 831 101 896 317 739 940 954 577 434 23 420 862 75 336 851 158 598 781 482 839 \n
operations: 701 \n756 100 939 745 691 616 190 997 963 486 136 55 819 147 779 422 473 955 219 807 868 264 489 721 817 110 410 151 975 729 767 484 330 918 517 352 405 281 78 814 560 748 188 49 954 286 932 139 992 57 765 87 366 268 203 702 312 502 887 482 827 833 442 414 202 221 385 449 750 114 143 58 952 172 968 951 428 950 198 290 367 401 333 877 249 622 348 862 673 802 465 935 741 831 238 209 808 618 789 463 \n
operations: 704 \n776 956 579 496 936 52 294 446 651 836 673 389 501 730 50 313 235 882 8 781 360 972 723 768 98 188 321 249 138 554 670 675 531 601 162 47 538 491 244 779 681 714 315 950 101 744 108 720 835 819 990 766 257 356 106 623 102 617 514 922 382 140 252 691 916 952 65 74 87 264 970 441 354 262 184 713 331 622 375 561 116 791 213 137 815 425 721 397 921 647 545 832 530 414 984 925 733 449 448 92 \n
operations: 703 \n907 523 579 45 517 634 127 311 273 385 671 141 398 263 766 754 142 436 955 682 264 524 241 922 901 217 828 90 610 836 409 713 249 616 554 829 18 501 289 643 573 161 397 72 92 873 830 538 220 508 702 582 587 335 364 449 382 722 360 65 14 742 136 767 162 374 272 205 549 242 757 123 496 598 158 586 465 486 550 925 832 323 396 874 21 821 953 576 676 51 304 746 943 338 564 498 580 812 653 903 \n
operations: 707 \n737 244 500 573 14 615 448 558 495 583 288 993 935 685 923 145 294 749 728 991 905 513 601 481 135 756 925 863 462 593 303 491 343 227 769 111 838 579 984 291 633 309 664 778 99 18 817 178 706 755 285 240 969 977 219 483 231 292 157 170 551 349 506 516 928 695 370 942 891 440 471 519 87 899 66 60 623 731 366 173 217 253 295 466 280 674 398 116 718 147 537 181 959 835 625 97 682 859 740 698 \n
operations: 712 \n998 733 693 870 324 782 590 600 948 319 631 197 974 296 632 85 484 747 447 711 520 278 774 954 603 409 468 709 390 955 561 502 653 284 658 261 234 496 343 194 42 715 997 473 203 155 432 333 579 641 871 66 244 371 384 807 972 247 131 139 818 221 976 872 749 433 410 548 485 52 154 796 571 676 441 351 383 380 316 362 518 805 126 421 729 609 589 704 295 703 765 347 475 642 320 509 513 938 825 575 \n
operations: 719 \n755 682 294 480 924 162 369 109 839 581 813 923 596 919 171 218 342 454 601 535 622 743 595 92 145 175 184 746 628 715 832 723 642 316 384 794 27 506 897 56 559 514 671 457 590 179 876 738 654 687 540 119 741 173 574 898 234 612 111 901 948 206 705 323 60 279 561 413 881 397 497 827 852 142 892 135 786 481 91 822 695 387 335 459 205 534 64 258 662 136 570 526 100 382 490 455 609 608 333 586 \n
operations: 702 \n183 540 42 323 193 275 708 196 806 241 444 811 657 771 326 79 624 575 320 456 470 659 670 396 954 532 650 682 103 886 782 227 817 735 84 177 260 335 34 861 598 741 640 998 242 313 558 692 442 69 997 810 648 462 766 842 341 696 542 595 837 756 884 965 728 699 638 551 342 864 661 279 210 671 891 798 330 958 820 16 662 445 208 299 800 773 935 641 261 950 249 410 518 614 203 552 763 150 639 819 \n
operations: 710 \n623 566 793 663 502 146 39 192 920 365 848 489 141 460 21 402 890 133 57 179 34 721 465 243 323 963 712 378 147 356 81 263 496 480 404 849 941 593 434 615 37 608 682 606 874 639 932 143 97 195 213 689 321 647 206 884 186 786 802 345 53 506 10 72 494 16 522 711 304 749 299 873 867 951 588 317 987 683 62 571 975 586 619 202 964 746 866 200 444 511 169 607 173 728 546 664 451 262 357 529 \n
operations: 712 \n818 533 167 307 714 148 253 628 930 292 359 990 460 383 322 824 647 301 780 567 744 250 730 541 679 563 833 467 354 491 722 384 807 480 684 208 893 644 803 878 598 475 819 735 357 575 590 160 434 136 696 643 459 267 484 380 949 580 373 865 229 662 422 535 859 274 772 465 371 469 403 122 356 985 184 325 576 919 277 956 660 40 155 591 239 439 808 642 712 634 125 727 68 89 592 516 968 431 663 927 \n
